4.255668934240363
4.743668934240363
5.235668934240364
5.758668934240363
6.251668934240364
6.741668934240364
7.2376689342403635
7.7616689342403635
8.253668934240363
8.751668934240364
9.244668934240362
9.737668934240364
10.261668934240364
10.752668934240363
11.246668934240363
11.740668934240365
12.231668934240364
12.752668934240363
13.245668934240364
13.737668934240363
14.258668934240363
14.748668934240364
15.238668934240364
15.731668934240364
16.25266893424036
16.745668934240364
17.239668934240363
17.733668934240363
18.25566893424036
18.750668934240363
19.244668934240366
19.73766893424036
20.26166893424036
20.75266893424036
21.24366893424036
21.735668934240366
22.259668934240366
22.720668934240365
23.120668934240364
23.522668934240365
23.92366893424036
24.326668934240367
24.72566893424036
25.12766893424036
25.526668934240362
25.925668934240363
26.32266893424036
26.724668934240363
27.122668934240366
27.52166893424036
27.919668934240363
28.318668934240364
28.71666893424036
29.113668934240366
29.514668934240362
29.912668934240365
30.311668934240366
30.74066893424036
31.141668934240364
31.541668934240363
31.912668934240365
32.311668934240366
32.71266893424036
33.141668934240364
33.54166893424036
33.93866893424036
34.33866893424036
34.73766893424036
35.13766893424037
35.53566893424036
35.936668934240366
36.333668934240364
36.73366893424036
37.13366893424036
37.531668934240365
37.93366893424036
38.33166893424036
38.73166893424036
39.12866893424036
39.52666893424036
39.92666893424036
40.32566893424036
40.723668934240365
41.12766893424036
41.52666893424036
41.92366893424036
42.32266893424036
42.72466893424036
43.123668934240364
43.52166893424036
43.92066893424036
44.31766893424036
44.71566893424036
45.11566893424036
45.51266893424036
45.91566893424036
46.31466893424036
46.74266893424036
47.141668934240364
47.54266893424036
47.94266893424036
48.34166893424036
48.73766893424036
49.13766893424036
49.53566893424036
49.93566893424036
50.336668934240365
50.73766893424036
51.135668934240364
51.53566893424036
51.93666893424036
52.33866893424036
52.73966893424036
53.13766893424036
53.53966893424036
53.937668934240364
54.339668934240365
54.73966893424036
55.14066893424036
55.54266893424036
55.93966893424036
56.339668934240365
56.71366893424036
57.14266893424036
57.54266893424036
57.91566893424036
58.31666893424036
58.71566893424036
59.11866893424036
59.51766893424036
59.91666893424036
60.315668934240364
60.717668934240365
61.11866893424036
61.51866893424036
61.92066893424036
62.321668934240364
62.723668934240365
63.12266893424036
63.522668934240365
63.92266893424036
64.32166893424036
64.72166893424037
65.12166893424036
65.52166893424037
65.92066893424037
66.32066893424036
66.72066893424036
67.12166893424036
67.52166893424037
67.91966893424036
68.31766893424036
68.71966893424036
69.11866893424036
69.51866893424037
69.93166893424036
70.33666893424036
70.73766893424036
71.13666893424036
71.53666893424037
71.93466893424036
72.33366893424036
72.73266893424037
73.13166893424037
73.53166893424036
73.93066893424036
74.33466893424036
74.73366893424036
75.13466893424037
75.53866893424036
75.93666893424036
76.33666893424036
76.73966893424036
77.14066893424037
77.54066893424036
77.93966893424036
78.33966893424036
78.73766893424036
79.13566893424036
79.53766893424036
79.93766893424036
80.33766893424036
80.73466893424036
81.13266893424036
81.53266893424036
81.92966893424037
82.32866893424035
82.72766893424036
83.12866893424037
83.52966893424036
83.92966893424037
84.32766893424036
84.72766893424036
85.13066893424036
85.52966893424036
85.92966893424037
86.33166893424035
86.73166893424036
87.13166893424037
87.53166893424036
87.93666893424036
88.33566893424036
88.73566893424037
89.13566893424036
89.53566893424036
89.93766893424036
