3.7024263038548755
4.196426303854875
4.721426303854876
5.220426303854875
5.719426303854876
6.216426303854876
6.712426303854875
7.208426303854875
7.706426303854875
8.203426303854876
8.699426303854874
9.198426303854877
9.699426303854874
10.193426303854874
10.722426303854874
11.217426303854875
11.712426303854876
12.209426303854876
12.707426303854877
13.203426303854876
13.699426303854874
14.195426303854877
14.722426303854874
15.218426303854876
15.715426303854876
16.215426303854876
16.712426303854876
17.211426303854875
17.706426303854876
18.204426303854877
18.701426303854877
19.196426303854874
19.720426303854875
20.218426303854873
20.716426303854874
21.214426303854875
21.711426303854875
22.173426303854875
22.606426303854875
23.043426303854876
23.446426303854874
23.851426303854875
24.254426303854874
24.656426303854875
25.060426303854875
25.460426303854874
25.865426303854875
26.269426303854875
26.673426303854875
27.075426303854876
27.477426303854873
27.881426303854873
28.256426303854873
28.659426303854875
29.064426303854873
29.468426303854873
29.873426303854874
30.277426303854874
30.680426303854876
31.085426303854874
31.458426303854875
31.862426303854875
32.26642630385488
32.66942630385488
33.07442630385488
33.47942630385488
33.88542630385488
34.25742630385488
34.66042630385488
35.06542630385488
35.47042630385488
35.87242630385488
36.276426303854876
36.67742630385488
37.08242630385488
37.456426303854876
37.859426303854875
38.264426303854876
38.66942630385488
39.07042630385488
39.47242630385488
39.87542630385488
40.276426303854876
40.67742630385488
41.08342630385488
41.45542630385488
41.85842630385488
42.264426303854876
42.66542630385488
43.06842630385488
43.47442630385488
43.87842630385488
44.28142630385488
44.654426303854876
45.060426303854875
45.462426303854876
45.86742630385488
46.26842630385488
46.66842630385488
47.07442630385488
47.47642630385488
47.87942630385488
48.28142630385488
48.68442630385488
49.05642630385488
49.45742630385488
49.86042630385488
50.264426303854876
50.66642630385488
51.07142630385488
51.47342630385488
51.87942630385488
52.282426303854876
52.65542630385488
53.05942630385488
53.46442630385488
53.865426303854875
54.267426303854876
54.67042630385488
55.07442630385488
55.48042630385488
55.88242630385488
56.28542630385488
56.65642630385488
57.06142630385488
57.465426303854876
57.871426303854875
58.27542630385488
58.67742630385488
59.08042630385488
59.48142630385488
59.88242630385488
60.255426303854875
60.65942630385488
61.060426303854875
61.46442630385488
61.86342630385488
62.26242630385488
62.66342630385488
63.06142630385488
63.45842630385488
63.86442630385488
64.26342630385487
64.66542630385487
65.06442630385487
65.46342630385487
65.87242630385488
66.27142630385488
66.67242630385488
67.07042630385487
67.47242630385487
67.87242630385488
68.27342630385488
68.67342630385488
69.07442630385488
69.47842630385487
69.87942630385488
70.28042630385488
70.67942630385488
71.07942630385487
71.48242630385488
71.88542630385489
72.25942630385488
72.66142630385488
73.06042630385488
73.46142630385488
73.85742630385488
74.25642630385488
74.66442630385488
75.06642630385488
75.46842630385488
75.87042630385488
76.27242630385487
76.67542630385488
77.07742630385488
77.48342630385488
77.88442630385488
78.28542630385488
78.65942630385487
79.06042630385488
79.45642630385488
79.85642630385487
80.26242630385488
80.66142630385488
81.06242630385488
81.46342630385487
81.86342630385488
82.26342630385489
82.66642630385488
83.06842630385488
86.14842630385488
86.55942630385488
86.95742630385487
