1 1563320559368
2 1563320559863
3 1563320560362
4 1563320560858
5 1563320561357
6 1563320561855
7 1563320562354
8 1563320562852
9 1563320563350
10 1563320563846
11 1563320564342
12 1563320564839
13 1563320565335
14 1563320565831
15 1563320566357
16 1563320566853
17 1563320567349
18 1563320567848
19 1563320568347
20 1563320568842
21 1563320569338
22 1563320569833
23 1563320570360
24 1563320570857
25 1563320571354
26 1563320571851
27 1563320572346
28 1563320572844
29 1563320573340
30 1563320573835
31 1563320574330
32 1563320574858
33 1563320575355
34 1563320575853
35 1563320576348
36 1563320576846
37 1563320577343
38 1563320577774
39 1563320578208
40 1563320578579
41 1563320578982
42 1563320579354
43 1563320579728
44 1563320580077
45 1563320580481
46 1563320580855
47 1563320581226
48 1563320581598
49 1563320581972
50 1563320582343
51 1563320582716
52 1563320583089
53 1563320583462
54 1563320583834
55 1563320584206
56 1563320584610
57 1563320584953
58 1563320585356
59 1563320585730
60 1563320586102
61 1563320586474
62 1563320586846
63 1563320587220
64 1563320587591
65 1563320587962
66 1563320588334
67 1563320588706
68 1563320589108
69 1563320589480
70 1563320589852
71 1563320590224
72 1563320590596
73 1563320590967
74 1563320591341
75 1563320591712
76 1563320592085
77 1563320592457
78 1563320592860
79 1563320593231
80 1563320593603
81 1563320593976
82 1563320594348
83 1563320594719
84 1563320595090
85 1563320595464
86 1563320595837
87 1563320596209
88 1563320596581
89 1563320596955
90 1563320597359
91 1563320597730
92 1563320598101
93 1563320598472
94 1563320598845
95 1563320599219
96 1563320599589
97 1563320599962
98 1563320600335
99 1563320600708
100 1563320601109
101 1563320601483
102 1563320601853
103 1563320602225
104 1563320602597
105 1563320602969
106 1563320603338
107 1563320603709
108 1563320604110
109 1563320604481
110 1563320604853
111 1563320605226