3.7715873015873016
4.2645873015873015
4.762587301587302
5.277587301587301
5.7725873015873015
6.265587301587302
6.769587301587302
7.268587301587301
7.765587301587302
8.265587301587301
8.765587301587301
9.265587301587301
9.758587301587301
10.252587301587301
10.777587301587301
11.274587301587301
11.7725873015873
12.268587301587301
12.7625873015873
13.255587301587301
13.781587301587301
14.2755873015873
14.7725873015873
15.273587301587302
15.771587301587301
16.265587301587303
16.762587301587303
17.260587301587304
17.757587301587304
18.254587301587303
18.756587301587302
19.2585873015873
19.754587301587303
20.279587301587302
20.779587301587302
21.281587301587304
21.7705873015873
22.2355873015873
22.637587301587303
23.0085873015873
23.378587301587302
23.748587301587303
24.130587301587305
24.500587301587302
24.868587301587304
25.239587301587303
25.640587301587303
26.009587301587302
26.384587301587302
26.762587301587303
27.1335873015873
27.505587301587305
27.878587301587302
28.251587301587303
28.621587301587304
28.996587301587304
29.371587301587304
29.746587301587304
30.118587301587304
30.489587301587303
30.8605873015873
31.260587301587304
31.631587301587302
32.0085873015873
32.3785873015873
32.749587301587304
33.1195873015873
33.4895873015873
33.8635873015873
34.2665873015873
34.6375873015873
35.0135873015873
35.3825873015873
35.752587301587305
36.1195873015873
36.48958730158731
36.889587301587305
37.2625873015873
37.6355873015873
38.0075873015873
38.3755873015873
38.7445873015873
39.1165873015873
